002492
001105
003871
002636
004161
000167
002706
003172
002471
002082
000775
001726
004686
001483
004582
002405
002964
000050
004937
003940
004659
001291
001638
004176
003333
003859
002844
004618
002450
004825
003158
004872
002243
004429
004596
004188
001706
001183
004677
000604
002543
004004
005149
000173
005044
004768
004438
004229
002836
002723
004181
001224
002234
002049
004844
004130
002276
003496
005066
000324
005141
002339
000816
002269
002066
000314
000079
001435
001934
003210
002650
000299
002720
004514
004684
004244
000792
003449
001531
001089
001019
002787
000042
005131
001621
004365
004816
003932
002033
004091
004950
003897
002989
004896
003998
005047
004850
002086
000780
004480
001964
002579
002797
003394
004076
000970
001237
002848
001079
000782
001990
005009
003742
000592
004084
004609
004182
003279
000360
003538
003580
003595
002349
001595
004260
001182
000468
000500
003134
000880
003551
003759
001548
000245
002044
003175
000752
000195
000300
005152
002273
000896
003868
001411
001459
002883
002113
001064
001173
001396
002855
002028
001217
002180
004369
002857
002456
003462
002353
002950
001670
000108
001130
001734
001743
002846
000783
000240
003752
001838
002231
004526
001503
004773
004557
000426
003700
002762
001451
001914
003970
002861
001486
002665
001892
002905
001273
004217
005114
001948
004866
001510
000660
003883
000671
004342
002784
004237
002932
000516
005000
002962
004662
003846
001116
001312
003876
003177
004549
004548
002370
002388
004194
002564
003767
003982
000487
001267
001767
000436
002801
004851
003163
002513
000898
000236
003948
001618
001870
001751
003909
004595
002426
004068
004023
005130
003205
001148
001421
000915
004817
003097
002589
002440
002582
003811
003657
001518
000152
000533
000774
003679
003328
000528
003381
000137
003370
001328
004191
003292
001235
000083
004591
004792
001125
003960
004778
001455
001504
004050
003466
003523
002499
004363
004963
004376
000664
002128
000550
004752
001343
004485
001470
000009
002831
003527
004577
002360
000981
001168
002479
004883
003399
000409
002170
005125
000756
000873
000530
004132
002550
002638
004456
000339
005061
000732
001702
001355
004390
001558
000832
000839
004821
000021
004171
003870
001896
000995
001348
003866
000861
004902
003407
003388
002937
002302
001416
002854
000705
004743
003834
003777
004767
003128
000623
002859
001373
001214
003906
004900
000607
002078
000179
000599
003586
003541
002512
003018
004457
001949
001436
003990
004953
002776
000039
004107
003284
004928
003714
003738
004564
001452
004967
001205
005042
002114
001050
000424
000227
003613
000676
002262
004685
002724
003273
002786
004228
004639
003088
000634
004354
001140
003411
003013
004511
001563
002140
001290
004910
000471
003445
002146
003403
002774
004785
003209
002315
002072
004397
004535
000206
002270
005072
000033
003331
002708
003857
003683
005155
004634
002727
000238
000582
005129
005075
001625
001579
003621
001170
001213
001395
004729
002849
003543
002324
004353
001344
003688
003014
000852
002552
004611
000965
000252
001678
004504
001339
000447
